1 9 5 18 30 13 7 1 1 
1 9 5 18 30 15 6 2 1 
1 9 5 18 30 19 16 2 2 
1 10 5 16 0 0 8 0 1 
1 10 5 16 0 5 11 1 0 
1 10 5 16 0 17 10 2 0 
1 10 5 16 0 9 3 0 2 
1 10 5 18 30 1 2 1 1 
1 10 5 18 30 4 18 1 1 
1 10 5 18 30 12 14 3 3 
2 16 5 18 30 6 4 2 4 
2 16 5 18 30 16 1 2 1 
2 16 5 18 30 10 19 0 0 
2 17 5 16 0 2 12 3 3 
2 17 5 16 0 11 9 2 2 
2 17 5 16 0 7 5 0 0 
2 17 5 16 0 8 15 2 0 
2 17 5 18 30 18 0 0 0 
2 17 5 18 30 3 13 1 0 
2 17 5 18 30 14 17 2 0 
3 23 5 18 30 0 7 2 1 
3 23 5 18 30 17 3 2 0 
3 23 5 18 30 12 8 0 1 
3 24 5 16 0 9 14 2 3 
3 24 5 16 0 1 18 2 0 
3 24 5 16 0 5 2 1 4 
3 24 5 16 0 15 11 0 0 
3 24 5 18 30 4 10 1 2 
3 24 5 18 30 13 16 2 3 
3 24 5 18 30 19 6 2 2 
4 30 5 18 30 6 12 1 3 
4 30 5 18 30 16 4 0 0 
4 30 5 18 30 18 13 2 2 
4 31 5 16 0 10 9 2 1 
4 31 5 16 0 11 17 3 0 
4 31 5 16 0 2 0 3 1 
4 31 5 16 0 14 5 1 1 
4 31 5 16 0 3 1 1 0 
4 31 5 18 30 7 15 2 2 
4 31 5 18 30 8 19 2 1 
5 4 6 21 0 1 14 3 0 
5 4 6 21 0 4 2 3 3 
5 6 6 21 0 0 6 2 0 
5 7 6 16 0 15 3 2 1 
5 7 6 16 0 13 10 4 2 
5 7 6 16 0 19 11 0 0 
5 7 6 16 0 9 16 0 4 
5 7 6 18 30 17 8 1 1 
5 7 6 18 30 5 18 1 0 
5 7 6 18 30 12 7 2 2 
6 13 6 18 30 11 4 1 1 
6 13 6 18 30 13 9 0 1 
6 13 6 18 30 18 2 2 0 
6 14 6 16 0 6 10 5 0 
6 14 6 16 0 5 1 0 0 
6 14 6 16 0 12 0 0 0 
6 14 6 16 0 16 14 3 0 
6 14 6 18 30 8 3 0 0 
6 14 6 18 30 15 17 3 1 
6 14 6 18 30 7 19 3 1 
7 20 6 16 10 9 15 2 2 
7 20 6 16 10 3 18 4 3 
7 20 6 16 10 4 13 2 1 
7 20 6 18 30 1 12 2 2 
7 20 6 18 30 14 6 0 1 
7 20 6 18 30 19 5 3 2 
7 21 6 18 30 2 16 2 3 
7 21 6 18 30 0 11 3 1 
7 21 6 18 30 10 8 4 0 
7 21 6 18 30 17 7 2 4 
8 27 6 16 10 7 16 4 2 
8 27 6 16 10 9 0 1 0 
8 27 6 16 10 11 14 2 0 
8 27 6 18 30 17 19 1 0 
8 27 6 18 30 18 12 1 4 
8 28 6 18 30 3 4 4 1 
8 28 6 18 30 15 2 1 1 
8 28 6 18 30 8 6 3 0 
8 28 6 18 30 13 1 3 1 
8 28 6 18 30 5 10 0 0 
9 4 7 18 30 2 13 1 0 
9 4 7 18 30 4 7 1 1 
9 4 7 18 30 10 3 2 1 
9 5 7 16 0 16 18 1 1 
9 5 7 16 0 6 11 2 0 
9 5 7 16 0 12 17 1 0 
9 5 7 16 0 1 9 4 1 
9 5 7 18 30 19 15 0 3 
9 5 7 18 30 14 8 0 2 
9 8 7 21 50 0 5 4 2 
10 11 7 18 30 15 14 4 1 
10 11 7 18 30 7 6 3 1 
10 11 7 18 30 19 18 1 2 
10 12 7 16 0 17 16 0 3 
10 12 7 16 0 1 0 3 0 
10 12 7 16 0 9 8 3 2 
10 12 7 16 0 11 10 2 2 
10 12 7 18 30 13 12 1 0 
10 12 7 18 30 3 2 6 2 
10 12 7 18 30 5 4 0 1 
11 15 7 19 30 12 19 0 2 
11 15 7 19 30 6 1 2 1 
11 15 7 21 0 2 7 3 3 
11 15 7 21 0 4 9 1 0 
11 15 7 21 50 10 15 1 2 
11 15 7 21 50 8 5 4 2 
11 16 7 21 0 0 13 4 3 
11 16 7 21 0 14 3 1 1 
11 16 7 21 0 16 11 2 0 
11 27 8 21 0 18 17 1 1 
12 18 7 18 30 15 4 1 0 
12 18 7 18 30 5 12 1 4 
12 19 7 16 0 3 16 0 0 
12 19 7 16 0 17 0 1 2 
12 19 7 16 0 1 8 2 1 
12 19 7 16 0 11 2 2 1 
12 19 7 16 0 9 6 0 0 
12 19 7 18 30 13 19 1 3 
12 19 7 18 30 10 18 2 2 
12 19 7 18 30 7 14 4 0 
13 22 7 19 30 19 1 1 0 
13 22 7 19 30 4 17 0 2 
13 22 7 19 30 10 7 1 1 
13 22 7 21 0 2 9 1 0 
13 22 7 21 50 8 11 2 2 
13 22 7 21 50 12 15 2 1 
13 22 7 21 50 14 18 2 2 
13 23 7 21 0 6 13 1 1 
13 23 7 21 0 0 3 2 1 
13 23 7 21 0 16 5 2 1 
14 25 7 18 30 1 4 3 2 
14 25 7 18 30 9 19 1 3 
14 25 7 18 30 18 8 3 2 
14 26 7 16 0 0 15 0 3 
14 26 7 16 0 2 10 1 2 
14 26 7 16 0 16 12 0 1 
14 26 7 16 0 13 14 3 3 
14 26 7 18 30 7 11 1 2 
14 26 7 18 30 5 17 1 1 
14 26 7 18 30 3 6 1 0 
15 29 7 19 30 6 18 2 2 
15 29 7 19 30 14 2 1 2 
15 29 7 21 0 8 7 3 2 
15 29 7 21 0 12 9 3 0 
15 29 7 21 50 17 13 1 0 
15 29 7 21 50 15 5 1 0 
15 29 7 21 50 4 0 1 1 
15 30 7 21 0 19 3 4 0 
15 30 7 21 0 11 1 2 1 
15 30 7 21 0 10 16 3 1 
16 1 8 18 30 13 15 0 1 
16 1 8 18 30 18 7 2 1 
16 2 8 16 0 0 19 0 0 
16 2 8 16 0 9 5 1 0 
16 2 8 16 0 3 11 0 1 
16 2 8 16 0 10 14 1 1 
16 2 8 18 30 4 12 1 2 
16 2 8 18 30 1 17 4 1 
16 2 8 18 30 16 6 3 2 
16 26 8 21 0 2 8 3 3 
17 5 8 19 30 17 9 0 2 
17 5 8 21 0 19 4 1 0 
17 5 8 21 0 11 18 3 1 
17 5 8 21 50 12 10 3 2 
17 5 8 21 50 14 0 1 0 
17 5 8 21 50 6 2 0 1 
17 6 8 21 0 15 1 1 1 
17 6 8 21 0 5 13 5 1 
17 6 8 21 0 7 3 4 0 
17 2 9 21 0 8 16 3 0 
18 8 8 18 30 2 19 2 2 
18 8 8 18 30 14 4 2 1 
18 8 8 18 30 18 9 0 1 
18 9 8 16 0 10 0 1 0 
18 9 8 16 0 3 5 2 2 
18 9 8 18 30 11 12 3 1 
18 9 8 18 30 7 1 1 0 
18 9 8 18 30 6 17 1 3 
18 10 8 21 0 8 13 3 0 
18 12 8 21 50 16 15 1 1 
19 15 8 18 30 19 14 2 1 
19 15 8 18 30 4 8 0 2 
19 15 8 18 30 15 18 1 1 
19 16 8 16 0 12 3 3 2 
19 16 8 16 0 0 16 2 0 
19 16 8 16 0 13 11 1 2 
19 16 8 16 0 1 10 4 1 
19 16 8 16 0 5 6 1 3 
19 16 8 18 30 17 2 0 0 
19 16 8 18 30 9 7 3 0 
20 19 8 19 30 2 1 1 0 
20 19 8 19 30 3 9 2 1 
20 19 8 19 30 18 4 1 2 
20 19 8 21 0 7 13 2 1 
20 19 8 21 50 11 5 1 0 
20 19 8 21 50 6 15 1 0 
20 19 8 21 50 8 0 1 2 
20 20 8 21 0 10 17 1 2 
20 20 8 21 0 14 12 2 0 
20 20 8 21 0 16 19 2 2 
21 22 8 18 30 15 8 2 1 
21 22 8 18 30 4 6 1 0 
21 22 8 18 30 13 3 2 0 
21 23 8 16 0 0 18 3 3 
21 23 8 16 0 9 11 1 0 
21 23 8 16 0 1 16 4 1 
21 23 8 16 0 5 7 0 0 
21 23 8 18 30 12 2 2 1 
21 23 8 18 30 17 14 4 2 
21 23 8 18 30 19 10 3 0 
22 26 8 21 50 7 0 2 2 
22 29 8 18 30 6 19 2 0 
22 29 8 18 30 10 4 3 0 
22 29 8 18 30 14 9 3 0 
22 30 8 16 0 11 15 0 0 
22 30 8 16 0 2 5 2 0 
22 30 8 16 0 16 13 1 1 
22 30 8 18 30 8 12 4 0 
22 30 8 18 30 3 17 3 3 
22 30 8 18 30 18 1 3 3 
23 2 9 21 50 0 2 2 1 
23 5 9 18 30 15 7 2 1 
23 5 9 18 30 1 3 1 1 
23 5 9 18 30 13 18 2 1 
23 6 9 16 0 9 10 0 0 
23 6 9 16 0 12 6 2 2 
23 6 9 16 0 17 11 1 2 
23 6 9 18 30 4 16 1 2 
23 6 9 18 30 5 14 1 1 
23 6 9 18 30 19 8 0 2 
24 12 9 18 30 11 19 2 0 
24 12 9 18 30 10 13 3 0 
24 13 9 16 0 2 4 1 0 
24 13 9 16 0 8 17 2 3 
24 13 9 16 0 3 15 3 2 
24 13 9 16 0 16 9 2 1 
24 13 9 18 30 7 12 3 1 
24 13 9 18 30 14 1 0 2 
24 13 9 18 30 18 5 0 0 
24 16 9 21 50 6 0 1 1 
25 19 9 18 30 9 13 1 0 
25 19 9 18 30 3 8 2 0 
25 19 9 18 30 14 16 0 0 
25 20 9 16 0 4 11 1 1 
25 20 9 16 0 1 5 5 1 
25 20 9 16 0 19 7 4 0 
25 20 9 18 30 0 12 1 4 
25 20 9 18 30 2 18 0 0 
25 20 9 18 30 10 6 3 0 
25 23 9 21 50 17 15 1 2 
26 26 9 18 30 15 9 2 1 
26 26 9 18 30 7 17 0 1 
26 27 9 16 0 11 0 1 1 
26 27 9 16 0 6 14 2 0 
26 27 9 16 0 8 10 0 0 
26 27 9 16 0 5 19 3 2 
26 27 9 16 0 12 1 2 1 
26 27 9 18 30 13 4 2 1 
26 27 9 18 30 16 2 3 1 
26 27 9 18 30 18 3 1 3 
27 30 9 21 50 14 11 1 2 
27 3 10 18 30 0 9 1 3 
27 3 10 18 30 4 3 1 0 
27 3 10 18 30 16 7 2 1 
27 4 10 16 0 2 15 1 3 
27 4 10 16 0 1 13 3 3 
27 4 10 16 0 12 18 1 3 
27 4 10 18 30 6 8 2 0 
27 4 10 18 30 10 5 2 0 
27 4 10 18 30 19 17 2 2 
28 7 10 19 30 7 4 0 0 
28 7 10 19 30 13 2 0 1 
28 7 10 21 0 11 6 2 2 
28 7 10 21 0 9 1 0 0 
28 7 10 21 50 8 14 3 1 
28 7 10 21 50 5 0 1 1 
28 7 10 21 50 3 10 3 3 
28 8 10 21 0 15 19 2 2 
28 8 10 21 0 17 12 3 0 
28 8 10 21 0 18 16 3 1 
29 10 10 16 10 0 1 2 1 
29 10 10 16 10 4 5 1 2 
29 10 10 16 10 10 11 2 1 
29 10 10 18 30 6 7 1 2 
29 10 10 18 30 8 9 1 1 
29 12 10 16 0 2 3 0 0 
29 12 10 16 0 12 13 1 1 
29 12 10 16 0 14 15 3 0 
29 12 10 16 0 16 17 0 1 
29 12 10 16 0 18 19 2 2 
30 18 10 16 0 15 10 -1 -1 
30 18 10 16 0 1 6 -1 -1 
30 18 10 16 0 5 8 -1 -1 
30 18 10 16 0 13 0 -1 -1 
30 18 10 18 30 9 4 -1 -1 
30 18 10 18 30 3 14 -1 -1 
30 18 10 18 30 17 18 -1 -1 
30 17 10 18 30 11 16 -1 -1 
30 17 10 18 30 7 2 -1 -1 
30 17 10 18 30 19 12 -1 -1 
31 21 10 21 0 4 15 -1 -1 
31 24 10 18 30 14 7 -1 -1 
31 24 10 18 30 16 3 -1 -1 
31 25 10 16 0 2 11 -1 -1 
31 25 10 16 0 6 9 -1 -1 
31 25 10 16 0 8 1 -1 -1 
31 25 10 16 0 12 5 -1 -1 
31 25 10 18 30 0 17 -1 -1 
31 25 10 18 30 10 18 -1 -1 
31 25 10 18 30 19 13 -1 -1 
32 28 10 19 30 9 2 -1 -1 
32 28 10 19 30 18 14 -1 -1 
32 28 10 21 0 1 19 -1 -1 
32 28 10 21 0 17 4 -1 -1 
32 28 10 21 50 11 8 -1 -1 
32 28 10 21 50 7 10 -1 -1 
32 28 10 21 50 3 0 -1 -1 
32 29 10 21 0 15 12 -1 -1 
32 29 10 21 0 5 16 -1 -1 
32 29 10 21 0 13 6 -1 -1 
33 31 10 18 30 11 7 -1 -1 
33 31 10 18 30 10 2 -1 -1 
33 31 10 18 30 19 9 -1 -1 
33 1 11 16 0 15 0 -1 -1 
33 1 11 16 0 6 3 -1 -1 
33 1 11 16 0 8 18 -1 -1 
33 1 11 16 0 12 16 -1 -1 
33 1 11 18 30 4 1 -1 -1 
33 1 11 18 30 14 13 -1 -1 
33 1 11 18 30 17 5 -1 -1 
34 4 11 21 50 1 11 -1 -1 
34 7 11 18 30 7 8 -1 -1 
34 7 11 18 30 9 12 -1 -1 
34 7 11 18 30 3 19 -1 -1 
34 8 11 16 0 0 4 -1 -1 
34 8 11 16 0 5 15 -1 -1 
34 8 11 16 0 16 10 -1 -1 
34 8 11 18 30 2 14 -1 -1 
34 8 11 18 30 13 17 -1 -1 
34 8 11 18 30 18 6 -1 -1 
35 11 11 21 50 15 13 -1 -1 
35 14 11 18 30 11 3 -1 -1 
35 14 11 18 30 7 18 -1 -1 
35 14 11 18 30 17 1 -1 -1 
35 15 11 16 0 6 16 -1 -1 
35 15 11 16 0 14 10 -1 -1 
35 15 11 16 0 19 0 -1 -1 
35 15 11 18 30 8 2 -1 -1 
35 15 11 18 30 5 9 -1 -1 
35 15 11 18 30 12 4 -1 -1 
36 21 11 16 0 0 14 -1 -1 
36 21 11 16 0 2 6 -1 -1 
36 21 11 16 0 4 19 -1 -1 
36 21 11 16 0 9 17 -1 -1 
36 21 11 16 0 1 15 -1 -1 
36 21 11 16 0 10 12 -1 -1 
36 21 11 16 0 3 7 -1 -1 
36 21 11 16 0 13 5 -1 -1 
36 21 11 16 0 16 8 -1 -1 
36 21 11 16 0 18 11 -1 -1 
37 29 11 16 0 0 10 -1 -1 
37 29 11 16 0 15 16 -1 -1 
37 29 11 16 0 4 14 -1 -1 
37 29 11 16 0 9 18 -1 -1 
37 29 11 16 0 1 7 -1 -1 
37 29 11 16 0 5 3 -1 -1 
37 29 11 16 0 12 11 -1 -1 
37 29 11 16 0 13 8 -1 -1 
37 29 11 16 0 17 6 -1 -1 
37 29 11 16 0 19 2 -1 -1 
38 6 12 16 0 11 13 -1 -1 
38 6 12 16 0 2 17 -1 -1 
38 6 12 16 0 7 9 -1 -1 
38 6 12 16 0 6 5 -1 -1 
38 6 12 16 0 8 4 -1 -1 
38 6 12 16 0 10 1 -1 -1 
38 6 12 16 0 3 12 -1 -1 
38 6 12 16 0 14 19 -1 -1 
38 6 12 16 0 16 0 -1 -1 
38 6 12 16 0 18 15 -1 -1 
